epsilon,leakage,utility,mask_size
0.4,0.0,-0.25,5
0.4,0.4697142498776278,-0.45228568740822084,2
0.4,0.312315565021691,-0.4342366737662683,4
0.4,0.682552015129659,-0.5619140113472443,1
0.4,0.37544847764307687,-0.4315863582323076,3
0.4,0.2288821396123376,-0.3216616047092532,3
0.4,0.46957305266532445,-0.4521797894989933,2
0.4,0.2288821396123376,-0.37166160470925325,4
0.4,0.312315565021691,-0.38423667376626824,3
0.4,0.5734114839073647,-0.5300586129305236,2
0.4,0.46957305266532445,-0.5021797894989933,3
0.4,0.5329217593367891,-0.4996913195025918,2
0.4,0.0920468199405825,-0.26903511495543686,4
0.4,0.2288821396123376,-0.3216616047092532,3
0.4,0.0920468199405825,-0.21903511495543687,3
0.4,0.6328149070033673,-0.5246111802525255,1
0.4,0.0,-0.25,5
0.4,0.37561473038408055,-0.3817110477880604,2
0.4,0.5681900575173376,-0.5261425431380032,2
0.4,0.48004561987648753,-0.5100342149073657,3
0.4,0.4697142498776278,-0.40228568740822085,1
0.4,0.2288821396123376,-0.3216616047092532,3
0.4,0.0920468199405825,-0.26903511495543686,4
0.4,0.5961899077512927,-0.5471424308134695,2
0.4,0.6377015566223647,-0.5282761674667735,1
0.4,0.4365917791396565,-0.5274438343547424,4
0.4,0.36457513891655857,-0.47343135418741894,4
0.4,0.3296703821603769,-0.44725278662028267,4
0.4,0.2288821396123376,-0.3216616047092532,3
0.4,0.7151856454814501,-0.5363892341110876,0
0.4,0.2288821396123376,-0.3216616047092532,3
0.4,0.5961899077512927,-0.5471424308134695,2
0.4,0.4433069423225279,-0.48248020674189596,3
0.4,0.47303252081418146,-0.5047743906106361,3
0.4,0.4500384497208755,-0.48752883729065666,3
0.4,0.6377015566223647,-0.5282761674667735,1
0.4,0.5334968933116484,-0.5001226699837363,2
0.4,0.0920468199405825,-0.21903511495543687,3
0.4,0.682552015129659,-0.5619140113472443,1
0.4,0.4794045878552673,-0.5095534408914505,3
0.4,0.2288821396123376,-0.2716616047092532,2
0.4,0.567657695427904,-0.525743271570928,2
0.4,0.5961899077512927,-0.5471424308134695,2
0.4,0.0,-0.3,6
0.4,0.0920468199405825,-0.3190351149554369,5
0.4,0.4325673189597369,-0.47442548921980265,3
0.4,0.46957305266532445,-0.4521797894989933,2
0.4,0.2781965733082593,-0.4086474299811945,4
0.4,0.5598596569804244,-0.5198947427353183,2
0.4,0.4325673189597369,-0.47442548921980265,3
0.4,0.4794045878552673,-0.5095534408914505,3
0.4,0.682552015129659,-0.5619140113472443,1
0.4,0.46957305266532445,-0.5021797894989933,3
0.4,0.46957305266532445,-0.4521797894989933,2
0.4,0.46957305266532445,-0.5021797894989933,3
0.4,0.0,-0.25,5
0.4,0.5329217593367891,-0.4996913195025918,2
0.4,0.4365917791396565,-0.5274438343547424,4
0.4,0.2288821396123376,-0.3216616047092532,3
0.4,0.4794045878552673,-0.5095534408914505,3
0.4,0.2288821396123376,-0.37166160470925325,4
0.4,0.5681900575173376,-0.5261425431380032,2
0.4,0.2693617282096118,-0.40202129615720883,4
0.4,0.5329217593367891,-0.4996913195025918,2
0.4,0.2288821396123376,-0.37166160470925325,4
0.4,0.45071564155919097,-0.4880367311693933,3
0.4,0.3296703821603769,-0.44725278662028267,4
0.4,0.37544847764307687,-0.4315863582323076,3
0.4,0.46957305266532445,-0.4521797894989933,2
0.4,0.48004561987648753,-0.5100342149073657,3
0.4,0.4332660237695529,-0.47494951782716466,3
0.4,0.6328149070033673,-0.5246111802525255,1
0.4,0.2288821396123376,-0.3216616047092532,3
0.4,0.46957305266532445,-0.4521797894989933,2
0.4,0.4697142498776278,-0.45228568740822084,2
0.4,0.567657695427904,-0.525743271570928,2
0.4,0.567657695427904,-0.525743271570928,2
0.4,0.29185792416741285,-0.41889344312555965,4
0.4,0.2288821396123376,-0.37166160470925325,4
0.4,0.4365917791396565,-0.5274438343547424,4
0.4,0.3296703821603769,-0.44725278662028267,4
0.4,0.4500384497208755,-0.48752883729065666,3
0.4,0.5598596569804244,-0.5198947427353183,2
0.4,0.4500384497208755,-0.48752883729065666,3
0.4,0.4697142498776278,-0.40228568740822085,1
0.4,0.2288821396123376,-0.4216616047092532,5
0.4,0.2288821396123376,-0.37166160470925325,4
0.4,0.2288821396123376,-0.3216616047092532,3
0.4,0.2288821396123376,-0.37166160470925325,4
0.4,0.4697142498776278,-0.5022856874082209,3
0.4,0.47303252081418146,-0.5047743906106361,3
0.4,0.2288821396123376,-0.37166160470925325,4
0.4,0.2288821396123376,-0.37166160470925325,4
0.4,0.4332660237695529,-0.47494951782716466,3
0.4,0.45071564155919097,-0.4880367311693933,3
0.4,0.07059070463900075,-0.3029430284792506,5
0.4,0.4325673189597369,-0.47442548921980265,3
0.4,0.2288821396123376,-0.3216616047092532,3
0.4,0.36457513891655857,-0.47343135418741894,4
0.4,0.312315565021691,-0.38423667376626824,3
0.4,0.46992211475481305,-0.5191082527327764,6
0.4,0.26303652729247295,-0.3361662843582436,5
0.4,0.3592419527878562,-0.3527647979242255,3
0.4,0.3592419527878562,-0.3805425757020033,4
0.4,0.3592419527878562,-0.4360981312575588,6
0.4,0.385599188513301,-0.4558660580516424,6
0.4,0.24175913958548945,-0.3757637991335615,7
0.4,0.21940735109689347,-0.3589999577671146,7
0.4,0.5626500316767806,-0.5053208570909188,3
0.4,0.385599188513301,-0.42808828027386464,5
0.4,0.26303652729247295,-0.3083885065804658,4
0.4,0.21940735109689347,-0.3867777355448923,8
0.4,0.21945273335876703,-0.3590339944635197,7
0.4,0.21945273335876703,-0.3590339944635197,7
0.4,0.385599188513301,-0.42808828027386464,5
0.4,0.5468475106079831,-0.6045800774004317,7
0.4,0.24175913958548945,-0.3479860213557837,6
0.4,0.24315756576632586,-0.4045903965469666,8
0.4,0.5053837288882768,-0.40681557444398536,1
0.4,0.42850099142022324,-0.4602646324540563,5
0.4,0.44440927545847886,-0.49997362326052575,6
0.4,0.3592419527878562,-0.3805425757020033,4
0.4,0.385599188513301,-0.42808828027386464,5
0.4,0.5053837288882768,-0.5179266855550965,5
0.4,0.44440927545847886,-0.5277514010383035,7
0.4,0.6623992294064142,-0.6079105331659218,4
0.4,0.5626500316767806,-0.5053208570909188,3
0.4,0.5069645614182471,-0.49133453217479645,4
0.4,0.26303652729247295,-0.3361662843582436,5
0.4,0.4824620342632009,-0.5007354145862896,5
0.4,0.42853421735144903,-0.48806732968025346,6
0.4,0.5053837288882768,-0.4623711299995409,3
0.4,0.24175913958548945,-0.3479860213557837,6
0.4,0.6090400455538584,-0.6234467008320604,6
0.4,0.6090400455538584,-0.567891145276505,4
0.4,0.5468475106079831,-0.6323578551782095,8
0.4,0.4824620342632009,-0.5562909701418451,7
0.4,0.6623992294064142,-0.6356883109436995,5
0.4,0.6623992294064142,-0.6079105331659218,4
0.4,0.6005002201919581,-0.5614862762550796,4
0.4,0.42853421735144903,-0.46028955190247567,5
0.4,0.42853421735144903,-0.46028955190247567,5
0.4,0.3166049127277152,-0.4596759067680086,8
0.4,0.4824620342632009,-0.5007354145862896,5
0.4,0.24175913958548945,-0.3757637991335615,7
0.4,0.6005002201919581,-0.5059307206995242,2
0.4,0.2629936790618288,-0.3361341481852605,5
0.4,0.385599188513301,-0.48364383582942017,7
0.4,0.24175913958548945,-0.3757637991335615,7
0.4,0.6005002201919581,-0.5614862762550796,4
0.4,0.46992211475481305,-0.49133047495499865,5
0.4,0.5626500316767806,-0.5330986348686966,4
0.4,0.24315756576632586,-0.4045903965469666,8
0.4,0.42850099142022324,-0.5158201880096118,7
0.4,0.21940735109689347,-0.3312221799893368,6
0.4,0.385599188513301,-0.511421613607198,8
0.4,0.5626500316767806,-0.5330986348686966,4
0.4,0.26303652729247295,-0.28061072880268806,3
0.4,0.6005002201919581,-0.5614862762550796,4
0.4,0.385599188513301,-0.511421613607198,8
0.4,0.385599188513301,-0.40031050249608685,4
0.4,0.6090400455538584,-0.567891145276505,4
0.4,0.41469597047666695,-0.4221330889686113,4
0.4,0.5626500316767806,-0.5608764126464744,5
0.4,0.5468475106079831,-0.576802299622654,6
0.4,0.44440927545847886,-0.5277514010383035,7
0.4,0.385599188513301,-0.42808828027386464,5
0.4,0.4824620342632009,-0.5007354145862896,5
0.4,0.24315756576632586,-0.3768126187691888,7
0.4,0.46992211475481305,-0.49133047495499865,5
0.4,0.4824620342632009,-0.445179859030734,3
0.4,0.26303652729247295,-0.3639440621360214,6
0.4,0.46992211475481305,-0.574663808288332,8
0.4,0.385599188513301,-0.48364383582942017,7
0.4,0.2902622119955647,-0.412141103441118,7
0.4,0.46992211475481305,-0.5468860305105542,7
0.4,0.6005002201919581,-0.5892640540328575,5
0.4,0.6090400455538584,-0.5956689230542827,5
0.4,0.6005002201919581,-0.5614862762550796,4
0.4,0.3592419527878562,-0.4360981312575588,6
0.4,0.5468475106079831,-0.5490245218448762,5
0.4,0.5468475106079831,-0.576802299622654,6
0.4,0.5626500316767806,-0.5330986348686966,4
0.4,0.5626500316767806,-0.5053208570909188,3
0.4,0.26303652729247295,-0.3639440621360214,6
0.4,0.5053837288882768,-0.4901489077773187,4
0.4,0.3592419527878562,-0.32498702014644776,2
0.4,0.3592419527878562,-0.4360981312575588,6
0.4,0.42850099142022324,-0.4602646324540563,5
0.4,0.46992211475481305,-0.46355269717722086,4
0.4,0.42853421735144903,-0.48806732968025346,6
0.4,0.4824620342632009,-0.47295763680851177,4
0.4,0.385599188513301,-0.48364383582942017,7
0.4,0.6005002201919581,-0.533708498477302,3
0.4,0.5053837288882768,-0.4901489077773187,4
0.4,0.385599188513301,-0.42808828027386464,5
0.4,0.26303652729247295,-0.3639440621360214,6
0.4,0.24315756576632586,-0.349034840991411,6
0.4,0.5626500316767806,-0.5330986348686966,4
0.4,0.24175913958548945,-0.3757637991335615,7
0.4,0.3503480940774988,-0.4218519796490332,7
0.4,0.17410152973725768,-0.2896670563938524,7
0.4,0.11023352473050418,-0.24176605263878723,7
0.4,0.24901897357142533,-0.2776733210876599,4
0.4,0.004139789122118764,-0.23037756911431634,10
0.4,0.35872850870902895,-0.3826827451681354,5
0.4,0.17678263611994427,-0.26895061345359456,6
0.4,0.08906729357307797,-0.20316410654344483,6
0.4,0.18116603529521957,-0.2949654355623238,7
0.4,0.056662655885441726,-0.22431517373226312,8
0.4,0.13346141606678164,-0.21373242568644985,5
0.4,0.4598035770969229,-0.39030722827723763,2
0.4,0.31734091648323215,-0.3970965964533332,7
0.4,0.02120843749175283,-0.1749972372097237,7
0.4,0.3814006228815784,-0.3996868307975474,5
0.4,0.19959302122615685,-0.30878567501052673,7
0.4,0.10960537600286224,-0.26402221382032853,8
0.4,0.38715465280892436,-0.4494568986976023,7
0.4,0.062302274444177685,-0.2512721603785878,9
0.4,0.024683879641559492,-0.20033109154935144,8
0.4,0.135682350389002,-0.2608526718826606,7
0.4,0.3292601046160202,-0.3833087148256515,6
0.4,0.4837492874056374,-0.47644832919059166,5
0.4,0.0,-0.22727272727272727,10
0.4,0.3306439061431553,-0.40707383869827557,7
0.4,0.3975208049113568,-0.43450424004715393,6
0.4,0.31797787142087375,-0.3975743126565644,7
0.4,0.13754217745055075,-0.19406572399700397,4
0.4,0.07857259337417355,-0.24074762684881199,8
0.4,0.07183684189333606,-0.2584230859654566,9
0.4,0.09525840767246774,-0.16235289666344171,4
0.4,0.4199947253310894,-0.4513596803619534,6
0.4,0.0012969850830575336,-0.16006364790320224,7
0.4,0.11789138276656375,-0.20205490071128646,5
0.4,0.3970852217779357,-0.36599573451526995,3
0.4,0.08741677900308842,-0.2246534933432254,7
0.4,0.011622072293568597,-0.213262008765631,9
0.4,0.06513101235912155,-0.20793916836025025,7
0.4,0.12672254358640023,-0.23140554405343652,6
0.4,0.2641532182645825,-0.28902400460752775,4
0.4,0.06067755675650244,-0.2500536221128314,9
0.4,0.0593446672320167,-0.2717812276967398,10
0.4,0.07455632252156719,-0.21500815098208448,7
0.4,0.11904873642692071,-0.2711047341383723,8
0.4,0.11161134145377749,-0.19734486972669674,5
0.4,0.11586448414554784,-0.1778074540182518,4
0.4,0.06661595204968085,-0.20905287312816973,7
0.4,0.08724382623338534,-0.17906923331140262,5
0.4,0.021237914288846027,-0.19774661753481634,8
0.4,0.05541282796669589,-0.24610507552047647,9
0.4,0.17947869520524695,-0.29369993049484433,7
0.4,0.1272808561207297,-0.20909700572691092,5
0.4,0.06608894403230847,-0.23138488984241318,8
0.4,0.12672254358640023,-0.25413281678070926,7
0.4,0.028847808263706032,-0.20345403801596135,8
0.4,0.35087209708162914,-0.4222449819021309,7
0.4,0.3122509186372955,-0.37055182534160797,6
0.4,0.23301141288485505,-0.28839492330000494,5
0.4,0.3524898807733412,-0.30982195603455137,2
0.4,0.0870431142013871,-0.22437324474194942,7
0.4,0.005978229278813085,-0.23175639923183708,10
0.4,0.05951671432176553,-0.2491829902867787,9
0.4,0.09892061921844686,-0.23328137350474423,7
0.4,0.135682350389002,-0.23812539915538786,6
0.4,0.1703221446470693,-0.19592342666712015,3
0.4,0.05428011860051174,-0.22252827076856563,8
0.4,0.0774344949388257,-0.19443950756775563,6
0.4,0.07522907711075788,-0.2155127169239775,7
0.4,0.05736802438628108,-0.24757147283516537,9
0.4,0.4598035770969229,-0.39030722827723763,2
0.4,0.34900270324221216,-0.3753883910680228,5
0.4,0.030448050390127546,-0.20465421961077748,8
0.4,0.06624554427377594,-0.20877506729624104,7
0.4,0.07777061003044872,-0.17196432115920018,5
0.4,0.00597619202033095,-0.18630032583343004,8
0.4,0.11023352473050418,-0.26449332536605996,8
0.4,0.2577983058617763,-0.3069850930326959,5
0.4,0.26016440275747366,-0.2860323929771962,4
0.4,0.3814006228815784,-0.33150501261572923,2
0.4,0.0019637497589727326,-0.16056372141013864,7
0.4,0.07777061003044872,-0.1946915938864729,6
0.4,0.1468499712871255,-0.2465011148289805,6
0.4,0.2577983058617763,-0.35243963848724136,7
0.4,0.17364893768035483,-0.24387306689662974,5
0.4,0.2140837196656945,-0.31965369884017997,7
0.4,0.07522907711075788,-0.2155127169239775,7
0.4,0.24805313656391814,-0.3451307615138477,7
0.4,0.3306439061431553,-0.40707383869827557,7
0.4,0.3581564919954504,-0.3822537326329515,5
0.4,0.12486866579692091,-0.23001513571132703,6
0.4,0.35228600966314305,-0.37785087088372094,5
0.4,0.07153201901807926,-0.23546719608174127,8
0.4,0.07057976046330128,-0.23475300216565778,8
0.4,0.1079710119035775,-0.21734189529131948,6
0.4,0.11568210096592169,-0.2003979393608049,5
0.4,0.135682350389002,-0.21539812642811512,5
0.4,0.007021154252308981,-0.16435677478014082,7
0.4,0.1878313247026666,-0.299964402617909,7
0.4,0.14950889348593277,-0.24849530647808593,6
0.4,0.2330639972419718,-0.24297981611329703,3
0.4,0.6154991067047175,-0.6699576633618715,10
0.4,0.11064534154392469,-0.27048400615794355,9
0.4,0.40723309912328776,-0.45125815767579913,7
0.4,0.369850801522569,-0.46488810114192675,9
0.4,0.7207682691028834,-0.6655762018271625,6
0.4,0.38205942883359334,-0.411544571625195,6
0.4,0.36288396401664447,-0.43882963967915,8
0.4,0.31123089967966333,-0.3584231747597475,6
0.4,0.28391344489281856,-0.4004350836696139,9
0.4,0.29174383027502215,-0.4063078727062666,9
0.4,0.5854503540851941,-0.5640877655638956,6
0.4,0.7291625069913903,-0.6093718802435427,3
0.4,0.659802639740747,-0.6198519798055603,6
0.4,0.7920282616289214,-0.6773545295550244,4
0.4,0.15842043173269837,-0.34798199046619044,11
0.4,0.593671622355654,-0.6119203834334072,8
0.4,0.47255697482656844,-0.5419177311199264,9
0.4,0.1106360365998188,-0.24964369411653076,8
0.4,0.7207682691028834,-0.6655762018271625,6
0.4,0.7207625127194884,-0.6864052178729497,7
0.4,0.7920358507693988,-0.6981935547437157,5
0.4,0.8205232277377258,-0.6778924208032944,3
0.4,0.8205232277377258,-0.657059087469961,2
0.4,0.15842043173269837,-0.2646486571328571,7
0.4,0.726172465078715,-0.6279626821423696,4
0.4,0.720808696103221,-0.623939855410749,4
0.4,0.15842043173269837,-0.3271486571328571,10
0.4,0.7920358507693988,-0.6565268880770491,3
0.4,0.15842043173269837,-0.28548199046619044,8
0.4,0.47256793735032043,-0.521092619679407,8
0.4,0.3888291974540128,-0.4999552314238429,10
0.4,0.6981080178578978,-0.6485810133934233,6
0.4,0.6981080178578978,-0.62774768006009,5
0.4,0.35911873281238105,-0.3943390496092858,6
0.4,0.6502140905668197,-0.6334939012584481,7
0.4,0.15842043173269837,-0.30631532379952375,9
0.4,0.23440314501247717,-0.3633023587593579,9
0.4,0.7032341977826286,-0.6732589816703048,7
0.4,0.4297656991666293,-0.40565760770830533,4
0.4,0.38884839693634254,-0.4791362977022569,9
0.4,0.3187874368673701,-0.42659057765052755,9
0.4,0.5838083196216186,-0.5836895730495473,7
0.4,0.6853151607417178,-0.6389863705562884,6
0.4,0.0890569546211809,-0.17095938263255234,5
0.4,0.7590268265912051,-0.6734367866100704,5
0.4,0.4072021563244035,-0.47206828390996924,8
0.4,0.3180370695012281,-0.38436113545925443,7
0.4,0.38885149981640343,-0.39580529152896926,5
0.4,0.3583434135364736,-0.41459089348568856,7
0.4,0.7068399234168843,-0.6342966092293298,5
0.4,0.5936673711125681,-0.5910838616677594,7
0.4,0.6154991067047175,-0.6282909966952048,8
0.4,0.369850801522569,-0.42322143447526006,7
0.4,0.697753827563186,-0.6274820373390562,5
0.4,0.7121138632850912,-0.6590853974638184,6
0.4,0.6155005032604273,-0.6074587107786538,7
0.4,0.6502140905668197,-0.6334939012584481,7
0.4,0.38883889359548085,-0.437462503529944,7
0.4,0.42502278904268276,-0.44376709178201207,6
0.4,0.36988679383739975,-0.48574842871138313,10
0.4,0.7590218180330909,-0.6942663635248182,6
0.4,0.7291625069913903,-0.6927052135768761,7
0.4,0.7121138632850912,-0.7007520641304851,8
0.4,0.1584218186044405,-0.285483030619997,8
0.4,0.7207770409628298,-0.644749447388789,5
0.4,0.7292017186790667,-0.6302346223426334,4
0.4,0.47256793735032043,-0.521092619679407,8
0.4,0.7291625069913903,-0.6718718802435427,6
0.4,0.38891768239145696,-0.41668826179359275,6
0.4,0.04864868577314041,-0.20315318099652196,8
0.4,0.38884839693634254,-0.4374696310355902,7
0.4,0.6154991067047175,-0.6282909966952048,8
0.4,0.6887562264454032,-0.6415671698340524,6
0.4,0.6154998696276899,-0.5866249022207675,6
0.4,0.4072114675521843,-0.4304086006641382,6
0.4,0.7292017186790667,-0.6302346223426334,4
0.4,0.4072021563244035,-0.4095682839099693,5
0.4,0.0890569546211809,-0.15012604929921902,4
0.4,0.6154998696276899,-0.6282915688874341,8
0.4,0.38884839693634254,-0.4166362977022569,6
0.4,0.13246244311541067,-0.286846832336558,9
0.4,0.7920282616289214,-0.6981878628883577,5
0.4,0.6981347918123455,-0.6486010938592591,6
0.4,0.3888291974540128,-0.4374552314238429,7
0.4,0.35911873281238105,-0.37350571627595247,5
0.4,0.7373043980942993,-0.6571449652373911,5
0.4,0.6947862728697911,-0.6669230379856766,7
0.4,0.5448167170052362,-0.5544458710872605,7
0.4,0.3888291974540128,-0.4166218980905096,6
0.4,0.47256793735032043,-0.4794259530127403,6
0.4,0.15842043173269837,-0.2646486571328571,7
0.4,0.7207682691028834,-0.6655762018271625,6
0.4,0.6154998696276899,-0.5866249022207675,6
0.4,0.7590268265912051,-0.6734367866100704,5
0.4,0.35045135118894377,-0.4711718467250412,10
0.4,0.47255697482656844,-0.5002510644532597,7
0.4,0.09019085633350998,-0.23430980891679914,8
0.4,0.36987379642959983,-0.4232386806555333,7
0.4,0.3698508090989193,-0.46488810682418946,9
0.4,0.36997802124453005,-0.40248351593339754,6
0.4,0.9840250534143401,-0.8630187900607551,1
0.4,0.5615947237120504,-0.6711960427840378,2
0.4,0.9930588077984347,-0.869794105848826,1
0.4,0.9930588077984347,-0.869794105848826,1
0.4,0.5615947237120504,-0.6711960427840378,2
0.4,0.9840250534143401,-0.8630187900607551,1
0.4,0.9999999999999998,-0.7499999999999998,0
0.4,0.9999999999999998,-0.7499999999999998,0
0.4,0.0,-0.375,3
0.4,0.5615947237120504,-0.6711960427840378,2
0.4,0.5615947237120504,-0.6711960427840378,2
0.4,0.9840250534143401,-0.8630187900607551,1
0.4,0.0,-0.25,2
0.4,0.0,-0.375,3
0.4,0.0,-0.375,3
0.4,0.9930587385535101,-0.8697940539151325,1
0.4,0.9930587385535101,-0.8697940539151325,1
0.4,0.5615947237120504,-0.6711960427840378,2
0.4,0.9999999999999998,-0.7499999999999998,0
0.4,0.5615947237120504,-0.6711960427840378,2
0.4,0.9840250534143401,-0.8630187900607551,1
0.4,0.5615947237120504,-0.6711960427840378,2
0.4,0.9840250534143401,-0.8630187900607551,1
0.4,0.9930587385535101,-0.8697940539151325,1
0.4,0.5615947237120504,-0.6711960427840378,2
0.4,0.9840250534143401,-0.8630187900607551,1
0.4,0.5615947237120504,-0.6711960427840378,2
0.4,0.9930587385535101,-0.8697940539151325,1
0.4,0.0,-0.25,2
0.4,0.9930587385535101,-0.8697940539151325,1
0.4,0.9930587385535101,-0.8697940539151325,1
0.4,0.9999999999999998,-0.7499999999999998,0
0.4,0.9840250534143401,-0.8630187900607551,1
0.4,0.5615947237120504,-0.6711960427840378,2
0.4,0.9930588077984347,-0.869794105848826,1
0.4,0.0,-0.375,3
0.4,0.9999999999999998,-0.7499999999999998,0
0.4,0.0,-0.375,3
0.4,0.5615947237120504,-0.6711960427840378,2
0.4,0.0,-0.375,3
0.4,0.9930588077984347,-0.869794105848826,1
0.4,0.9999999999999998,-0.7499999999999998,0
0.4,0.9930588077984347,-0.869794105848826,1
0.4,0.9930588077984347,-0.869794105848826,1
0.4,0.0,-0.375,3
0.4,0.5615947237120504,-0.6711960427840378,2
0.4,0.5615947237120504,-0.6711960427840378,2
0.4,0.5615947237120504,-0.6711960427840378,2
0.4,0.9840250534143401,-0.8630187900607551,1
0.4,0.5615947237120504,-0.6711960427840378,2
0.4,0.9840250534143401,-0.8630187900607551,1
0.4,0.9840250534143401,-0.8630187900607551,1
0.4,0.9840250534143401,-0.8630187900607551,1
0.4,0.5615947237120504,-0.6711960427840378,2
0.4,0.9840250534143401,-0.8630187900607551,1
0.4,0.5615947237120504,-0.6711960427840378,2
0.4,0.9999999999999998,-0.7499999999999998,0
0.4,0.9840250534143401,-0.8630187900607551,1
0.4,0.9840250534143401,-0.8630187900607551,1
0.4,0.0,-0.25,2
0.4,0.0,-0.25,2
0.4,0.0,-0.375,3
0.4,0.9930588077984347,-0.869794105848826,1
0.4,0.5615947237120504,-0.6711960427840378,2
0.4,0.9840250534143401,-0.8630187900607551,1
0.4,0.9930587385535101,-0.8697940539151325,1
0.4,0.0,-0.375,3
0.4,0.0,-0.375,3
0.4,0.9930588077984347,-0.869794105848826,1
0.4,0.5615947237120504,-0.6711960427840378,2
0.4,0.0,-0.25,2
0.4,0.9930588077984347,-0.869794105848826,1
0.4,0.0,-0.375,3
0.4,0.9999999999999998,-0.7499999999999998,0
0.4,0.9930588077984347,-0.869794105848826,1
0.4,0.0,-0.25,2
0.4,0.5615947237120504,-0.6711960427840378,2
0.4,0.9840250534143401,-0.8630187900607551,1
0.4,0.9930588077984347,-0.869794105848826,1
0.4,0.9930587385535101,-0.8697940539151325,1
0.4,0.0,-0.25,2
0.4,0.5615947237120504,-0.6711960427840378,2
0.4,0.5615947237120504,-0.6711960427840378,2
0.4,0.9840250534143401,-0.8630187900607551,1
0.4,0.9840250534143401,-0.8630187900607551,1
0.4,0.0,-0.25,2
0.4,0.5615947237120504,-0.6711960427840378,2
0.4,0.9999999999999998,-0.7499999999999998,0
0.4,0.9840250534143401,-0.8630187900607551,1
0.4,0.5615947237120504,-0.6711960427840378,2
0.4,0.5615947237120504,-0.6711960427840378,2
0.4,0.9999999999999998,-0.7499999999999998,0
0.4,0.9840250534143401,-0.8630187900607551,1
0.4,0.5615947237120504,-0.6711960427840378,2
0.4,0.9840250534143401,-0.8630187900607551,1
0.4,0.9999999999999998,-0.7499999999999998,0
0.4,0.5615947237120504,-0.6711960427840378,2
0.4,0.0,-0.375,3
0.4,0.5615947237120504,-0.6711960427840378,2
0.4,0.9930588077984347,-0.869794105848826,1
epsilon,leakage,utility,mask_size
0.4,0.4332660237695529,-0.47494951782716466,3
0.4,0.6377015566223647,-0.5282761674667735,1
0.4,0.7151856454814501,-0.5363892341110876,0
0.4,0.4332660237695529,-0.47494951782716466,3
0.4,0.2288821396123376,-0.37166160470925325,4
0.4,0.4697142498776278,-0.45228568740822084,2
0.4,0.46957305266532445,-0.5021797894989933,3
0.4,0.460338407225221,-0.4952538054189157,3
0.4,0.44011894550313135,-0.48008920912734854,3
0.4,0.4697142498776278,-0.40228568740822085,1
0.4,0.460338407225221,-0.4952538054189157,3
0.4,0.0920468199405825,-0.21903511495543687,3
0.4,0.2288821396123376,-0.37166160470925325,4
0.4,0.460338407225221,-0.4952538054189157,3
0.4,0.4365917791396565,-0.5274438343547424,4
0.4,0.4697142498776278,-0.5022856874082209,3
0.4,0.5907433526542352,-0.5430575144906764,2
0.4,0.0,-0.3,6
0.4,0.3296703821603769,-0.44725278662028267,4
0.4,0.0,-0.25,5
0.4,0.2288821396123376,-0.3216616047092532,3
0.4,0.46957305266532445,-0.4521797894989933,2
0.4,0.2781965733082593,-0.4086474299811945,4
0.4,0.2790853616047787,-0.40931402120358407,4
0.4,0.5912472883588642,-0.5434354662691482,2
0.4,0.4794045878552673,-0.5095534408914505,3
0.4,0.5598596569804244,-0.5198947427353183,2
0.4,0.5681900575173376,-0.5261425431380032,2
0.4,0.4500384497208755,-0.48752883729065666,3
0.4,0.5681900575173376,-0.5261425431380032,2
0.4,0.36457513891655857,-0.47343135418741894,4
0.4,0.5598596569804244,-0.5198947427353183,2
0.4,0.5734114839073647,-0.5300586129305236,2
0.4,0.0920468199405825,-0.26903511495543686,4
0.4,0.2288821396123376,-0.3216616047092532,3
0.4,0.312315565021691,-0.38423667376626824,3
0.4,0.2288821396123376,-0.3216616047092532,3
0.4,0.2288821396123376,-0.3216616047092532,3
0.4,0.0920468199405825,-0.3190351149554369,5
0.4,0.2790853616047787,-0.40931402120358407,4
0.4,0.6377015566223647,-0.5282761674667735,1
0.4,0.6646451700889366,-0.5484838775667025,1
0.4,0.0920468199405825,-0.3190351149554369,5
0.4,0.2288821396123376,-0.3216616047092532,3
0.4,0.4433069423225279,-0.48248020674189596,3
0.4,0.2288821396123376,-0.3216616047092532,3
0.4,0.5907433526542352,-0.5430575144906764,2
0.4,0.4433069423225279,-0.48248020674189596,3
0.4,0.7151856454814501,-0.5363892341110876,0
0.4,0.2288821396123376,-0.3216616047092532,3
0.4,0.4332660237695529,-0.47494951782716466,3
0.4,0.2288821396123376,-0.37166160470925325,4
0.4,0.567657695427904,-0.525743271570928,2
0.4,0.2693617282096118,-0.40202129615720883,4
0.4,0.4500384497208755,-0.48752883729065666,3
0.4,0.31213245784760435,-0.4340993433857033,4
0.4,0.5961899077512927,-0.5471424308134695,2
0.4,0.633267038153267,-0.5249502786149502,1
0.4,0.46957305266532445,-0.5021797894989933,3
0.4,0.5907433526542352,-0.5430575144906764,2
0.4,0.48004561987648753,-0.5100342149073657,3
0.4,0.37561473038408055,-0.3817110477880604,2
0.4,0.2288821396123376,-0.37166160470925325,4
0.4,0.07059070463900075,-0.3029430284792506,5
0.4,0.5907433526542352,-0.5430575144906764,2
0.4,0.48004561987648753,-0.5100342149073657,3
0.4,0.2288821396123376,-0.37166160470925325,4
0.4,0.5329217593367891,-0.4996913195025918,2
0.4,0.2288821396123376,-0.37166160470925325,4
0.4,0.2790853616047787,-0.40931402120358407,4
0.4,0.5907433526542352,-0.5430575144906764,2
0.4,0.2693617282096118,-0.4520212961572089,5
0.4,0.7151856454814501,-0.5363892341110876,0
0.4,0.567657695427904,-0.525743271570928,2
0.4,0.2288821396123376,-0.37166160470925325,4
0.4,0.5734114839073647,-0.5300586129305236,2
0.4,0.5912472883588642,-0.5434354662691482,2
0.4,0.4325673189597369,-0.47442548921980265,3
0.4,0.5907433526542352,-0.5430575144906764,2
0.4,0.2288821396123376,-0.3216616047092532,3
0.4,0.2790853616047787,-0.40931402120358407,4
0.4,0.48004561987648753,-0.5100342149073657,3
0.4,0.6328149070033673,-0.5246111802525255,1
0.4,0.36457513891655857,-0.47343135418741894,4
0.4,0.4794045878552673,-0.5095534408914505,3
0.4,0.2288821396123376,-0.3216616047092532,3
0.4,0.0920468199405825,-0.26903511495543686,4
0.4,0.37544847764307687,-0.4315863582323076,3
0.4,0.29185792416741285,-0.41889344312555965,4
0.4,0.0,-0.2,4
0.4,0.682552015129659,-0.5619140113472443,1
0.4,0.2693617282096118,-0.40202129615720883,4
0.4,0.7151856454814501,-0.5363892341110876,0
0.4,0.2288821396123376,-0.3216616047092532,3
0.4,0.46957305266532445,-0.4521797894989933,2
0.4,0.682552015129659,-0.5619140113472443,1
0.4,0.5334968933116484,-0.5001226699837363,2
0.4,0.0920468199405825,-0.26903511495543686,4
0.4,0.0,-0.3,6
0.4,0.2288821396123376,-0.4216616047092532,5
0.4,0.4694541344903692,-0.5465350453122213,7
0.4,0.4694541344903692,-0.5187572675344435,6
0.4,0.35966634913433626,-0.40863865073964106,5
0.4,0.48321731969835446,-0.5013018786626547,5
0.4,0.6009727293422886,-0.5340628803400498,3
0.4,0.6623992294064142,-0.6079105331659218,4
0.4,0.6623992294064142,-0.6079105331659218,4
0.4,0.4694541344903692,-0.5465350453122213,7
0.4,0.44440927545847886,-0.5555291788160813,8
0.4,0.48321731969835446,-0.5290796564404325,6
0.4,0.4694541344903692,-0.463201711978888,4
0.4,0.5468475106079831,-0.576802299622654,6
0.4,0.6009727293422886,-0.47850732478449426,1
0.4,0.48321731969835446,-0.5290796564404325,6
0.4,0.24315756576632586,-0.4323681743247444,9
0.4,0.385599188513301,-0.511421613607198,8
0.4,0.6086948858179753,-0.5398544976968148,3
0.4,0.6009727293422886,-0.6173962136733832,6
0.4,0.505574395670396,-0.4902919078639081,4
0.4,0.6086948858179753,-0.6231878310301481,6
0.4,0.5468475106079831,-0.5490245218448762,5
0.4,0.42850099142022324,-0.4602646324540563,5
0.4,0.5065292841479625,-0.5465636297776385,6
0.4,0.26187931623708605,-0.390853931622259,7
0.4,0.4156135985944347,-0.4228213100569371,4
0.4,0.5202376749670268,-0.6124004784474923,8
0.4,0.505574395670396,-0.4625141300861303,3
0.4,0.261836400724347,-0.36304396720992693,6
0.4,0.24315756576632586,-0.2934792854358555,4
0.4,0.48321731969835446,-0.5013018786626547,5
0.4,0.385599188513301,-0.48364383582942017,7
0.4,0.6009727293422886,-0.5896184358956054,5
0.4,0.6086948858179753,-0.5398544976968148,3
0.4,0.5065292841479625,-0.5187858519998607,5
0.4,0.4156135985944347,-0.4228213100569371,4
0.4,0.5627711589443901,-0.5331894803194037,4
0.4,0.42853421735144903,-0.4047339963469201,3
0.4,0.4156135985944347,-0.5061546433902705,7
0.4,0.44440927545847886,-0.5555291788160813,8
0.4,0.21940735109689347,-0.3312221799893368,6
0.4,0.505574395670396,-0.5180696856416859,5
0.4,0.5627711589443901,-0.5054117025416259,3
0.4,0.6623992294064142,-0.6079105331659218,4
0.4,0.42853421735144903,-0.48806732968025346,6
0.4,0.5065005929742044,-0.5187643336195422,5
0.4,0.4694541344903692,-0.4354239342011102,3
0.4,0.35966634913433626,-0.3530830951840855,3
0.4,0.505574395670396,-0.5180696856416859,5
0.4,0.5627711589443901,-0.5054117025416259,3
0.4,0.42853421735144903,-0.48806732968025346,6
0.4,0.6086948858179753,-0.6231878310301481,6
0.4,0.44440927545847886,-0.5277514010383035,7
0.4,0.6009727293422886,-0.5618406581178276,4
0.4,0.505574395670396,-0.5736252411972415,7
0.4,0.261836400724347,-0.30748841165437135,4
0.4,0.6009727293422886,-0.506285102562272,2
0.4,0.4694541344903692,-0.4909794897566658,5
0.4,0.21940735109689347,-0.303444402211559,5
0.4,0.24175913958548945,-0.4035415769113393,8
0.4,0.26187931623708605,-0.33529837606670343,5
0.4,0.44440927545847886,-0.5555291788160813,8
0.4,0.385599188513301,-0.42808828027386464,5
0.4,0.505574395670396,-0.5458474634194637,6
0.4,0.385599188513301,-0.42808828027386464,5
0.4,0.42850099142022324,-0.5158201880096118,7
0.4,0.385599188513301,-0.4558660580516424,6
0.4,0.42853421735144903,-0.5436228852358089,8
0.4,0.385599188513301,-0.42808828027386464,5
0.4,0.6623992294064142,-0.5523549776103662,2
0.4,0.42850099142022324,-0.5158201880096118,7
0.4,0.4694541344903692,-0.4909794897566658,5
0.4,0.505574395670396,-0.4347363523083525,2
0.4,0.6623992294064142,-0.580132755388144,3
0.4,0.385599188513301,-0.48364383582942017,7
0.4,0.5065292841479625,-0.5465636297776385,6
0.4,0.385599188513301,-0.5391993913849757,9
0.4,0.42853421735144903,-0.5158451074580312,7
0.4,0.42850099142022324,-0.4602646324540563,5
0.4,0.2902622119955647,-0.4399188812188957,8
0.4,0.5627711589443901,-0.5054117025416259,3
0.4,0.21940735109689347,-0.303444402211559,5
0.4,0.24315756576632586,-0.349034840991411,6
0.4,0.42853421735144903,-0.4325117741246979,4
0.4,0.6086948858179753,-0.512076719919037,2
0.4,0.6009727293422886,-0.506285102562272,2
0.4,0.6623992294064142,-0.580132755388144,3
0.4,0.4156135985944347,-0.4228213100569371,4
0.4,0.6009727293422886,-0.5340628803400498,3
0.4,0.6623992294064142,-0.580132755388144,3
0.4,0.505574395670396,-0.4347363523083525,2
0.4,0.26187931623708605,-0.390853931622259,7
0.4,0.42853421735144903,-0.46028955190247567,5
0.4,0.42853421735144903,-0.5158451074580312,7
0.4,0.6623992294064142,-0.580132755388144,3
0.4,0.6086948858179753,-0.5954100532523703,5
0.4,0.5627711589443901,-0.5331894803194037,4
0.4,0.24315756576632586,-0.4045903965469666,8
0.4,0.505574395670396,-0.4625141300861303,3
0.4,0.24315756576632586,-0.3212570632136333,5
0.4,0.48321731969835446,-0.5290796564404325,6
0.4,0.07479426249835319,-0.19245933323740125,6
0.4,0.3514304689713095,-0.39993648809211846,6
0.4,0.07105399411424007,-0.21238140467658914,7
0.4,0.009521158603902902,-0.21168632349838173,9
0.4,0.12520878807357239,-0.20754295469154294,5
0.4,0.06484855025412084,-0.18500004905422698,6
0.4,0.31877155082985387,-0.3299877540314813,4
0.4,0.11619648521505399,-0.22351100027492685,6
0.4,0.3292287010688275,-0.4060124348925297,7
0.4,0.033052397153505275,-0.18388020695603804,7
0.4,0.20789453395575985,-0.315011809557729,7
0.4,0.11942199808840182,-0.24865740765721045,7
0.4,0.022662624511418872,-0.17608787747447324,7
0.4,0.312336934985845,-0.43879815578483833,9
0.4,0.35792697952805297,-0.4048088710096761,6
0.4,0.07292335260564409,-0.2365106962724149,8
0.4,0.40803444525214194,-0.3742076521209246,3
0.4,0.07699046480464977,-0.23956103042166915,8
0.4,0.05544825654912722,-0.24613164695729997,9
0.4,0.009493274318110312,-0.23439268301131,10
0.4,0.13190993176117882,-0.21256881245724774,5
0.4,0.1982055807652513,-0.21683600375575665,3
0.4,0.3851774976076662,-0.40251948684211325,5
0.4,0.07699046480464977,-0.23956103042166915,8
0.4,0.10815944876786554,-0.19475595021226277,5
0.4,0.07123114870903602,-0.2125142706226861,7
0.4,0.022357120470564373,-0.1985860221711051,8
0.4,0.40803444525214194,-0.4423894703027428,6
0.4,0.11914602681868658,-0.24845042920492402,7
0.4,0.06484855025412084,-0.18500004905422698,6
0.4,0.3514304689713095,-0.35448194263757304,4
0.4,0.4529639280348353,-0.4079047642079447,3
0.4,0.07214991607853904,-0.1450215279679952,4
0.4,0.03761048328078531,-0.16457149882422534,6
0.4,0.21844898246876898,-0.3002003732152131,6
0.4,0.3100809647521282,-0.39165163265500524,7
0.4,0.39669221622365947,-0.3884282530768355,4
0.4,0.010307270034723426,-0.16682136161695166,7
0.4,0.07214991607853904,-0.16774880069526793,5
0.4,0.008907922781466904,-0.16577185117700927,7
0.4,0.4837492874056374,-0.47644832919059166,5
0.4,0.3526121536134059,-0.3553682061191453,4
0.4,0.059839557440217184,-0.20397057717107198,7
0.4,0.2652747028306258,-0.312592390759333,5
0.4,0.07655400739568008,-0.1937791419103964,6
0.4,0.07494639019692095,-0.2153007017385998,7
0.4,0.40803444525214194,-0.39693492484819737,4
0.4,0.4329787062140983,-0.4383703932969374,5
0.4,0.13947309085243442,-0.26369572723023493,7
0.4,0.13970384419931137,-0.24114151951311988,6
0.4,0.09898744555992434,-0.2106042205335796,6
0.4,0.13899892210768638,-0.24061282794440114,6
0.4,0.17232769257305858,-0.1974275876116121,3
0.4,0.07157274739196784,-0.21277046963488497,7
0.4,0.27142142629317934,-0.31720243335624815,5
0.4,0.01953342181033979,-0.17374097544866393,7
0.4,0.07123114870903602,-0.18978699789541337,6
0.4,0.3878268224287339,-0.38177920773064133,4
0.4,0.03286806279278143,-0.1382874107309497,5
0.4,0.07699046480464977,-0.19410648496712368,6
0.4,0.12520878807357239,-0.16208840923699747,3
0.4,0.07617833076178693,-0.21622465716224928,7
0.4,0.11188224640593136,-0.2430025938953576,7
0.4,0.09899399252842411,-0.2560636762144999,8
0.4,0.27142142629317934,-0.2944751606289754,4
0.4,0.3514304689713095,-0.35448194263757304,4
0.4,0.07123114870903602,-0.16705972516814066,5
0.4,0.12520878807357239,-0.23027022741881564,6
0.4,0.39669221622365947,-0.3884282530768355,4
0.4,0.05583888793617742,-0.22369734777031489,8
0.4,0.060573205008020437,-0.22724808557419715,8
0.4,0.07655400739568008,-0.21650641463766915,7
0.4,0.11619648521505399,-0.24623827300219958,7
0.4,0.3101932208205598,-0.43719037016087436,9
0.4,0.07123114870903602,-0.2125142706226861,7
0.4,0.1897803335009849,-0.23324434103482958,4
0.4,0.39669221622365947,-0.3884282530768355,4
0.4,0.22646561173524504,-0.21530375425597925,2
0.4,0.05425711188419935,-0.22251101573133134,8
0.4,0.1897803335009849,-0.2559716137621023,5
0.4,0.2607152226933749,-0.3319000533836675,6
0.4,0.054716619018709056,-0.22285564608221362,8
0.4,0.4516656596995132,-0.4296583356837258,4
0.4,0.12520878807357239,-0.20754295469154294,5
0.4,0.13251182157007635,-0.23574750254119362,6
0.4,0.13190993176117882,-0.21256881245724774,5
0.4,0.1982055807652513,-0.23956327648302939,4
0.4,0.1524620991231389,-0.27343748343326324,7
0.4,0.20681840005636276,-0.2914774364059084,6
0.4,0.019503063499268225,-0.17371820671536026,7
0.4,0.08460894997621016,-0.17709307611852126,5
0.4,0.4837492874056374,-0.47644832919059166,5
0.4,0.12520878807357239,-0.1848156819642702,4
0.4,0.02252396495023745,-0.15325661007631444,6
0.4,0.07123114870903602,-0.2125142706226861,7
0.4,0.14015219530353962,-0.24147778284129107,6
0.4,0.16016534172028907,-0.25648764265385315,6
0.4,0.07292335260564409,-0.19105615081786942,6
0.4,0.07761224496114705,-0.2400273655390421,8
0.4,0.08898291563852445,-0.18037355036525698,5
0.4,0.7207682691028834,-0.6864095351604959,7
0.4,0.2918547329269099,-0.36472438302851573,7
0.4,0.7920282616289214,-0.6773545295550244,4
0.4,0.6977586226575097,-0.6483189669931322,6
0.4,0.7590218180330909,-0.6942663635248182,6
0.4,0.4072021563244035,-0.4304016172433026,6
0.4,0.6154991067047175,-0.5866243300285381,6
0.4,0.4072021563244035,-0.4304016172433026,6
0.4,0.7291625069913903,-0.6718718802435427,6
0.4,0.5838083196216186,-0.562856239716214,6
0.4,0.40065767690745213,-0.4046599243472558,5
0.4,0.09019085633350998,-0.17180980891679914,5
0.4,0.6154991067047175,-0.5657909966952048,5
0.4,0.7373043980942993,-0.6779782985707244,6
0.4,0.6154998696276899,-0.6491249022207675,9
0.4,0.7207625127194884,-0.644738551206283,5
0.4,0.11147165322248642,-0.2711037399168648,9
0.4,0.7089356045983282,-0.6567017034487461,6
0.4,0.7920358507693988,-0.6773602214103824,4
0.4,0.38884839693634254,-0.4374696310355902,7
0.4,0.3698508090989193,-0.4440547734908561,8
0.4,0.5838083196216186,-0.5420229063828806,5
0.4,0.4072021563244035,-0.47206828390996924,8
0.4,0.7590268265912051,-0.6734367866100704,5
0.4,0.38885149981640343,-0.39580529152896926,5
0.4,0.7291625069913903,-0.6510385469102093,5
0.4,0.5740644050196736,-0.5972149704314218,8
0.4,0.7590218180330909,-0.6525996968581516,4
0.4,0.7176855549282077,-0.6424308328628224,5
0.4,0.5940491476551351,-0.5913701940746846,7
0.4,0.6024585096161335,-0.5976772155454334,7
0.4,0.38885149981640343,-0.4791386248623026,9
0.4,0.3888165907730572,-0.4582791097464596,8
0.4,0.7291625069913903,-0.6510385469102093,5
0.4,0.7207770409628298,-0.6655827807221224,6
0.4,0.47256793735032043,-0.4794259530127403,6
0.4,0.6154991067047175,-0.5866243300285381,6
0.4,0.7176855549282077,-0.6632641661961558,6
0.4,0.7590268265912051,-0.6526034532767372,4
0.4,0.7291668037912964,-0.6093751028434723,3
0.4,0.12987771503390988,-0.24324161960876575,7
0.4,0.7068399234168843,-0.6342966092293298,5
0.4,0.12002490883265537,-0.2983520149578249,10
0.4,0.7291668037912964,-0.6302084361768057,4
0.4,0.5843263766630902,-0.5632447824973177,6
0.4,0.09019085633350998,-0.1926431422501325,6
0.4,0.5844063729892137,-0.5841381130752437,7
0.4,0.15842043173269837,-0.2646486571328571,7
0.4,0.0890569546211809,-0.21262604929921902,7
0.4,0.7176855994236916,-0.6632641995677687,6
0.4,0.5838083196216186,-0.5211895730495473,4
0.4,0.31795249718698215,-0.38429770622356996,7
0.4,0.7920358507693988,-0.6981935547437157,5
0.4,0.47256793735032043,-0.4794259530127403,6
0.4,0.15842043173269837,-0.30631532379952375,9
0.4,0.4072021563244035,-0.4095682839099693,5
0.4,0.15842043173269837,-0.30631532379952375,9
0.4,0.38884839693634254,-0.4374696310355902,7
0.4,0.15842043173269837,-0.30631532379952375,9
0.4,0.38885149981640343,-0.4166386248623026,6
0.4,0.7590218180330909,-0.6525996968581516,4
0.4,0.47255697482656844,-0.47941773111992636,6
0.4,0.47256793735032043,-0.4794259530127403,6
0.4,0.7207770409628298,-0.644749447388789,5
0.4,0.5838083196216186,-0.562856239716214,6
0.4,0.6154991067047175,-0.6282909966952048,8
0.4,0.15842043173269837,-0.30631532379952375,9
0.4,0.607168703250587,-0.5178765274379402,3
0.4,0.7207770409628298,-0.644749447388789,5
0.4,0.6154991067047175,-0.6282909966952048,8
0.4,0.726172465078715,-0.6071293488090362,3
0.4,0.3888291974540128,-0.4166218980905096,6
0.4,0.3888611956040474,-0.47914589670303553,9
0.4,0.6068258549970282,-0.6217860579144379,8
0.4,0.13943848653712443,-0.2920788649028433,9
0.4,0.7207682691028834,-0.6864095351604959,7
0.4,0.47255697482656844,-0.47941773111992636,6
0.4,0.7120974191154297,-0.6799063976699057,7
0.4,0.5940491476551351,-0.5913701940746846,7
0.4,0.7207828917754939,-0.6655871688316204,6
0.4,0.5448167170052362,-0.5127792044205938,5
0.4,0.38884839693634254,-0.4374696310355902,7
0.4,0.47255697482656844,-0.45858439778659305,5
0.4,0.7207828884184371,-0.6864204996471611,7
0.4,0.5448001062101047,-0.4919334129909118,4
0.4,0.15842043173269837,-0.30631532379952375,9
0.4,0.7156528739162611,-0.5992396554371958,3
0.4,0.7920358507693988,-0.7190268880770491,6
0.4,0.4072021563244035,-0.4304016172433026,6
0.4,0.1394367790158626,-0.29207758426189695,9
0.4,0.47255697482656844,-0.47941773111992636,6
0.4,0.13944128587815208,-0.3129142977419474,10
0.4,0.4072021563244035,-0.4304016172433026,6
0.4,0.36988679383739975,-0.4649150953780498,9
0.4,0.4072021563244035,-0.4095682839099693,5
0.4,0.7156528739162611,-0.6200729887705292,4
0.4,0.7056044913379396,-0.6958700351701214,8
0.4,0.3888165907730572,-0.4374457764131262,7
0.4,0.5838083196216186,-0.5211895730495473,4
0.4,0.3888291974540128,-0.4166218980905096,6
0.4,0.5615947237120504,-0.6711960427840378,2
0.4,0.9930587385535101,-0.8697940539151325,1
0.4,0.9999999999999998,-0.7499999999999998,0
0.4,0.5615947237120504,-0.6711960427840378,2
0.4,0.0,-0.375,3
0.4,0.9930588077984347,-0.869794105848826,1
0.4,0.9840250534143401,-0.8630187900607551,1
0.4,0.9930588077984347,-0.869794105848826,1
0.4,0.9930587385535101,-0.8697940539151325,1
0.4,0.9840250534143401,-0.8630187900607551,1
0.4,0.9930587385535101,-0.8697940539151325,1
0.4,0.9930587385535101,-0.8697940539151325,1
0.4,0.9999999999999998,-0.7499999999999998,0
0.4,0.9930588077984347,-0.869794105848826,1
0.4,0.5615947237120504,-0.6711960427840378,2
0.4,0.0,-0.375,3
0.4,0.0,-0.25,2
0.4,0.9999999999999998,-0.7499999999999998,0
0.4,0.9840250534143401,-0.8630187900607551,1
0.4,0.9930587385535101,-0.8697940539151325,1
0.4,0.9840250534143401,-0.8630187900607551,1
0.4,0.5615947237120504,-0.6711960427840378,2
0.4,0.0,-0.25,2
0.4,0.5615947237120504,-0.6711960427840378,2
0.4,0.9930587385535101,-0.8697940539151325,1
0.4,0.9930588077984347,-0.869794105848826,1
0.4,0.5615947237120504,-0.6711960427840378,2
0.4,0.9930587385535101,-0.8697940539151325,1
0.4,0.9840250534143401,-0.8630187900607551,1
0.4,0.9840250534143401,-0.8630187900607551,1
0.4,0.9840250534143401,-0.8630187900607551,1
0.4,0.9930587385535101,-0.8697940539151325,1
0.4,0.5615947237120504,-0.6711960427840378,2
0.4,0.9930587385535101,-0.8697940539151325,1
0.4,0.5615947237120504,-0.6711960427840378,2
0.4,0.9999999999999998,-0.7499999999999998,0
0.4,0.0,-0.25,2
0.4,0.9930587385535101,-0.8697940539151325,1
0.4,0.9840250534143401,-0.8630187900607551,1
0.4,0.9999999999999998,-0.7499999999999998,0
0.4,0.9999999999999998,-0.7499999999999998,0
0.4,0.0,-0.375,3
0.4,0.0,-0.375,3
0.4,0.9999999999999998,-0.7499999999999998,0
0.4,0.5615947237120504,-0.6711960427840378,2
0.4,0.9999999999999998,-0.7499999999999998,0
0.4,0.9999999999999998,-0.7499999999999998,0
0.4,0.9930588077984347,-0.869794105848826,1
0.4,0.9999999999999998,-0.7499999999999998,0
0.4,0.9999999999999998,-0.7499999999999998,0
0.4,0.9840250534143401,-0.8630187900607551,1
0.4,0.9999999999999998,-0.7499999999999998,0
0.4,0.0,-0.375,3
0.4,0.5615947237120504,-0.6711960427840378,2
0.4,0.9930588077984347,-0.869794105848826,1
0.4,0.9840250534143401,-0.8630187900607551,1
0.4,0.9840250534143401,-0.8630187900607551,1
0.4,0.0,-0.25,2
0.4,0.5615947237120504,-0.6711960427840378,2
0.4,0.0,-0.25,2
0.4,0.5615947237120504,-0.6711960427840378,2
0.4,0.9999999999999998,-0.7499999999999998,0
0.4,0.5615947237120504,-0.6711960427840378,2
0.4,0.5615947237120504,-0.6711960427840378,2
0.4,0.0,-0.375,3
0.4,0.9930588077984347,-0.869794105848826,1
0.4,0.0,-0.25,2
0.4,0.0,-0.375,3
0.4,0.9930587385535101,-0.8697940539151325,1
0.4,0.9999999999999998,-0.7499999999999998,0
0.4,0.5615947237120504,-0.6711960427840378,2
0.4,0.0,-0.25,2
0.4,0.9930587385535101,-0.8697940539151325,1
0.4,0.9930587385535101,-0.8697940539151325,1
0.4,0.0,-0.375,3
0.4,0.9840250534143401,-0.8630187900607551,1
0.4,0.0,-0.375,3
0.4,0.5615947237120504,-0.6711960427840378,2
0.4,0.5615947237120504,-0.6711960427840378,2
0.4,0.9999999999999998,-0.7499999999999998,0
0.4,0.9999999999999998,-0.7499999999999998,0
0.4,0.9840250534143401,-0.8630187900607551,1
0.4,0.9840250534143401,-0.8630187900607551,1
0.4,0.9930588077984347,-0.869794105848826,1
0.4,0.9999999999999998,-0.7499999999999998,0
0.4,0.5615947237120504,-0.6711960427840378,2
0.4,0.5615947237120504,-0.6711960427840378,2
0.4,0.9840250534143401,-0.8630187900607551,1
0.4,0.9930588077984347,-0.869794105848826,1
0.4,0.9999999999999998,-0.7499999999999998,0
0.4,0.9999999999999998,-0.7499999999999998,0
0.4,0.0,-0.375,3
0.4,0.0,-0.375,3
0.4,0.0,-0.25,2
0.4,0.9999999999999998,-0.7499999999999998,0
0.4,0.9999999999999998,-0.7499999999999998,0
0.4,0.5615947237120504,-0.6711960427840378,2
0.4,0.0,-0.25,2
0.4,0.5615947237120504,-0.6711960427840378,2
0.4,0.9999999999999998,-0.7499999999999998,0
